+0.000000000E+00 +0.501427731E+01 +0.812531387E-01 +0.868446253E+01 -0.219170095E-01 +0.117955245E+02 -0.499328062E-01 +0.159050083E+02 -0.122456361E+00
+0.100000000E+00 +0.501422813E+01 +0.818285580E-01 +0.868447099E+01 -0.181841838E-01 +0.117988865E+02 -0.398894306E-01 +0.159080422E+02 -0.103502043E+00
+0.200000000E+00 +0.501418159E+01 +0.824751736E-01 +0.868458752E+01 -0.143698744E-01 +0.118023132E+02 -0.296085035E-01 +0.159112076E+02 -0.844692134E-01
+0.300000000E+00 +0.501414013E+01 +0.831921110E-01 +0.868481697E+01 -0.104621600E-01 +0.118058256E+02 -0.191100916E-01 +0.159145279E+02 -0.653416984E-01
+0.400000000E+00 +0.501410706E+01 +0.839726974E-01 +0.868515644E+01 -0.645343955E-02 +0.118094399E+02 -0.842747604E-02 +0.159180266E+02 -0.461041914E-01
+0.500000000E+00 +0.501408402E+01 +0.848054729E-01 +0.868559638E+01 -0.234091974E-02 +0.118131692E+02 +0.239606599E-02 +0.159217090E+02 -0.267445952E-01
+0.600000000E+00 +0.501407301E+01 +0.856756500E-01 +0.868612066E+01 +0.187302241E-02 +0.118170167E+02 +0.133117803E-01 +0.159255747E+02 -0.725550931E-02
+0.700000000E+00 +0.501407212E+01 +0.865667872E-01 +0.868670607E+01 +0.618066167E-02 +0.118209769E+02 +0.242705196E-01 +0.159296060E+02 +0.123652033E-01
+0.800000000E+00 +0.501408085E+01 +0.874625599E-01 +0.868732720E+01 +0.105690768E-01 +0.118250342E+02 +0.352277415E-01 +0.159337766E+02 +0.321147592E-01
+0.900000000E+00 +0.501409598E+01 +0.883483778E-01 +0.868795864E+01 +0.150206729E-01 +0.118291646E+02 +0.461475252E-01 +0.159380478E+02 +0.519862344E-01
+0.100000000E+01 +0.501411513E+01 +0.892127234E-01 +0.868857399E+01 +0.195141286E-01 +0.118333379E+02 +0.570050777E-01 +0.159423750E+02 +0.719695076E-01
+0.110000000E+01 +0.501413559E+01 +0.900480099E-01 +0.868915121E+01 +0.240257199E-01 +0.118375239E+02 +0.677875711E-01 +0.159467156E+02 +0.920521689E-01
+0.120000000E+01 +0.501415516E+01 +0.908509937E-01 +0.868967587E+01 +0.285309030E-01 +0.118416907E+02 +0.784933402E-01 +0.159510310E+02 +0.112220132E+00
+0.130000000E+01 +0.501417234E+01 +0.916225737E-01 +0.869013751E+01 +0.330059597E-01 +0.118458099E+02 +0.891299845E-01 +0.159552892E+02 +0.132458343E+00
+0.140000000E+01 +0.501418699E+01 +0.923671188E-01 +0.869053129E+01 +0.374295400E-01 +0.118498598E+02 +0.997118972E-01 +0.159594765E+02 +0.152751741E+00
+0.150000000E+01 +0.501419694E+01 +0.930913656E-01 +0.869085928E+01 +0.417839927E-01 +0.118538246E+02 +0.110257624E+00 +0.159635893E+02 +0.173086184E+00
+0.160000000E+01 +0.501420256E+01 +0.938031150E-01 +0.869112912E+01 +0.460563541E-01 +0.118576964E+02 +0.120787544E+00 +0.159676400E+02 +0.193449916E+00
+0.170000000E+01 +0.501420249E+01 +0.945098213E-01 +0.869134987E+01 +0.502389604E-01 +0.118614763E+02 +0.131321877E+00 +0.159716555E+02 +0.213834800E+00
+0.180000000E+01 +0.501419691E+01 +0.952173630E-01 +0.869153337E+01 +0.543297808E-01 +0.118651686E+02 +0.141878944E+00 +0.159756631E+02 +0.234237422E+00
+0.190000000E+01 +0.501418653E+01 +0.959291118E-01 +0.869169098E+01 +0.583324746E-01 +0.118687848E+02 +0.152473978E+00 +0.159796959E+02 +0.254659872E+00
+0.200000000E+01 +0.501417232E+01 +0.966454385E-01 +0.869183624E+01 +0.622562565E-01 +0.118723399E+02 +0.163118128E+00 +0.159837803E+02 +0.275109615E+00
+0.210000000E+01 +0.501415759E+01 +0.973637358E-01 +0.869197957E+01 +0.661154289E-01 +0.118758495E+02 +0.173817983E+00 +0.159879400E+02 +0.295599173E+00
+0.220000000E+01 +0.501414420E+01 +0.980789087E-01 +0.869213088E+01 +0.699287044E-01 +0.118793329E+02 +0.184575874E+00 +0.159921887E+02 +0.316144982E+00
+0.230000000E+01 +0.501413497E+01 +0.987842952E-01 +0.869229886E+01 +0.737180698E-01 +0.118828133E+02 +0.195390950E+00 +0.159965298E+02 +0.336765752E+00
+0.240000000E+01 +0.501413191E+01 +0.994728550E-01 +0.869249104E+01 +0.775073721E-01 +0.118863107E+02 +0.206260532E+00 +0.160009626E+02 +0.357481004E+00
+0.250000000E+01 +0.501413609E+01 +0.100138520E+00 +0.869271499E+01 +0.813204353E-01 +0.118898493E+02 +0.217182227E+00 +0.160054790E+02 +0.378308837E+00
+0.260000000E+01 +0.501414662E+01 +0.100777330E+00 +0.869297581E+01 +0.851791123E-01 +0.118934533E+02 +0.228155532E+00 +0.160100734E+02 +0.399263979E+00
+0.270000000E+01 +0.501416363E+01 +0.101388484E+00 +0.869328014E+01 +0.891013324E-01 +0.118971486E+02 +0.239182800E+00 +0.160147379E+02 +0.420355137E+00
+0.280000000E+01 +0.501418493E+01 +0.101974865E+00 +0.869363205E+01 +0.930995187E-01 +0.119009551E+02 +0.250268961E+00 +0.160194671E+02 +0.441582544E+00
+0.290000000E+01 +0.501420963E+01 +0.102543191E+00 +0.869403809E+01 +0.971796095E-01 +0.119048907E+02 +0.261420577E+00 +0.160242576E+02 +0.462936237E+00
+0.300000000E+01 +0.501423723E+01 +0.103103666E+00 +0.869450133E+01 +0.101340746E+00 +0.119089631E+02 +0.272643836E+00 +0.160291118E+02 +0.484395411E+00
+0.310000000E+01 +0.501426731E+01 +0.103669120E+00 +0.869502304E+01 +0.105575754E+00 +0.119131744E+02 +0.283942906E+00 +0.160340239E+02 +0.505928556E+00
+0.320000000E+01 +0.501430038E+01 +0.104253780E+00 +0.869560637E+01 +0.109872428E+00 +0.119175163E+02 +0.295318343E+00 +0.160390000E+02 +0.527497335E+00
+0.330000000E+01 +0.501433698E+01 +0.104871785E+00 +0.869624698E+01 +0.114214909E+00 +0.119219700E+02 +0.306766504E+00 +0.160440344E+02 +0.549060438E+00
+0.340000000E+01 +0.501437716E+01 +0.105535485E+00 +0.869694139E+01 +0.118585755E+00 +0.119265133E+02 +0.318280150E+00 +0.160491273E+02 +0.570580301E+00
+0.350000000E+01 +0.501442088E+01 +0.106253924E+00 +0.869768134E+01 +0.122967545E+00 +0.119311189E+02 +0.329849101E+00 +0.160542771E+02 +0.592028611E+00
+0.360000000E+01 +0.501446763E+01 +0.107031429E+00 +0.869845913E+01 +0.127344585E+00 +0.119357522E+02 +0.341461079E+00 +0.160594744E+02 +0.613390571E+00
+0.370000000E+01 +0.501451600E+01 +0.107866682E+00 +0.869925877E+01 +0.131703774E+00 +0.119403860E+02 +0.353102845E+00 +0.160647166E+02 +0.634668357E+00
+0.380000000E+01 +0.501456563E+01 +0.108752393E+00 +0.870006494E+01 +0.136035584E+00 +0.119449910E+02 +0.364759604E+00 +0.160699946E+02 +0.655879527E+00
+0.390000000E+01 +0.501461597E+01 +0.109675484E+00 +0.870086071E+01 +0.140334072E+00 +0.119495418E+02 +0.376415024E+00 +0.160752971E+02 +0.677054232E+00
+0.400000000E+01 +0.501466632E+01 +0.110618027E+00 +0.870162725E+01 +0.144596726E+00 +0.119540175E+02 +0.388050931E+00 +0.160806157E+02 +0.698230449E+00
+0.410000000E+01 +0.501471672E+01 +0.111558714E+00 +0.870234819E+01 +0.148823780E+00 +0.119583999E+02 +0.399647351E+00 +0.160859297E+02 +0.719447075E+00
+0.420000000E+01 +0.501476657E+01 +0.112474731E+00 +0.870300710E+01 +0.153017233E+00 +0.119626763E+02 +0.411183935E+00 +0.160912276E+02 +0.740739974E+00
+0.430000000E+01 +0.501481618E+01 +0.113343937E+00 +0.870359253E+01 +0.157179788E+00 +0.119668440E+02 +0.422642272E+00 +0.160964855E+02 +0.762136310E+00
+0.440000000E+01 +0.501486400E+01 +0.114146878E+00 +0.870409817E+01 +0.161313690E+00 +0.119709036E+02 +0.434008140E+00 +0.161016908E+02 +0.783653406E+00
+0.450000000E+01 +0.501491033E+01 +0.114868815E+00 +0.870452256E+01 +0.165419722E+00 +0.119748662E+02 +0.445274194E+00 +0.161068321E+02 +0.805297392E+00
+0.460000000E+01 +0.501495428E+01 +0.115501069E+00 +0.870487292E+01 +0.169496772E+00 +0.119787497E+02 +0.456441894E+00 +0.161119061E+02 +0.827063793E+00
+0.470000000E+01 +0.501499661E+01 +0.116041973E+00 +0.870516071E+01 +0.173541627E+00 +0.119825816E+02 +0.467522015E+00 +0.161169233E+02 +0.848939248E+00
+0.480000000E+01 +0.501503817E+01 +0.116497148E+00 +0.870540483E+01 +0.177549735E+00 +0.119863957E+02 +0.478534033E+00 +0.161218993E+02 +0.870902965E+00
+0.490000000E+01 +0.501508030E+01 +0.116879117E+00 +0.870562983E+01 +0.181516204E+00 +0.119902276E+02 +0.489504114E+00 +0.161268682E+02 +0.892930312E+00
+0.500000000E+01 +0.501512509E+01 +0.117206373E+00 +0.870586155E+01 +0.185437153E+00 +0.119941129E+02 +0.500462658E+00 +0.161318628E+02 +0.914994037E+00
+0.510000000E+01 +0.501517359E+01 +0.117501791E+00 +0.870612862E+01 +0.189311157E+00 +0.119980833E+02 +0.511441851E+00 +0.161369261E+02 +0.937068860E+00
+0.520000000E+01 +0.501522737E+01 +0.117790793E+00 +0.870645714E+01 +0.193140364E+00 +0.120021656E+02 +0.522473097E+00 +0.161420919E+02 +0.959132922E+00
+0.530000000E+01 +0.501528704E+01 +0.118099149E+00 +0.870687167E+01 +0.196931200E+00 +0.120063763E+02 +0.533584863E+00 +0.161473946E+02 +0.981171947E+00
+0.540000000E+01 +0.501535240E+01 +0.118450738E+00 +0.870738982E+01 +0.200694292E+00 +0.120107261E+02 +0.544801410E+00 +0.161528520E+02 +0.100318010E+01
+0.550000000E+01 +0.501542294E+01 +0.118865506E+00 +0.870802021E+01 +0.204444074E+00 +0.120152122E+02 +0.556141015E+00 +0.161584741E+02 +0.102516218E+01
+0.560000000E+01 +0.501549801E+01 +0.119357789E+00 +0.870876344E+01 +0.208197850E+00 +0.120198258E+02 +0.567615402E+00 +0.161642583E+02 +0.104713363E+01
+0.570000000E+01 +0.501557635E+01 +0.119935118E+00 +0.870961056E+01 +0.211974621E+00 +0.120245496E+02 +0.579228690E+00 +0.161701907E+02 +0.106911928E+01
+0.580000000E+01 +0.501565639E+01 +0.120597763E+00 +0.871054411E+01 +0.215793609E+00 +0.120293582E+02 +0.590977489E+00 +0.161762473E+02 +0.109115129E+01
+0.590000000E+01 +0.501573791E+01 +0.121338989E+00 +0.871153703E+01 +0.219672692E+00 +0.120342214E+02 +0.602851181E+00 +0.161823973E+02 +0.111326624E+01
+0.600000000E+01 +0.501581794E+01 +0.122145796E+00 +0.871255894E+01 +0.223626911E+00 +0.120391030E+02 +0.614833469E+00 +0.161886025E+02 +0.113550079E+01
+0.610000000E+01 +0.501589528E+01 +0.123000519E+00 +0.871357842E+01 +0.227666845E+00 +0.120439710E+02 +0.626904638E+00 +0.161948260E+02 +0.115788797E+01
+0.620000000E+01 +0.501596887E+01 +0.123882492E+00 +0.871456630E+01 +0.231797251E+00 +0.120487889E+02 +0.639043016E+00 +0.162010268E+02 +0.118045261E+01
+0.630000000E+01 +0.501603760E+01 +0.124770023E+00 +0.871549439E+01 +0.236015695E+00 +0.120535309E+02 +0.651228452E+00 +0.162071608E+02 +0.120320708E+01
+0.640000000E+01 +0.501610052E+01 +0.125642334E+00 +0.871634647E+01 +0.240312495E+00 +0.120581728E+02 +0.663442737E+00 +0.162131981E+02 +0.122615125E+01
+0.650000000E+01 +0.501615837E+01 +0.126481200E+00 +0.871710994E+01 +0.244670513E+00 +0.120627025E+02 +0.675671747E+00 +0.162191089E+02 +0.124927002E+01
+0.660000000E+01 +0.501621353E+01 +0.127272452E+00 +0.871778561E+01 +0.249066664E+00 +0.120671189E+02 +0.687905597E+00 +0.162248779E+02 +0.127253675E+01
+0.670000000E+01 +0.501626870E+01 +0.128006727E+00 +0.871838064E+01 +0.253473692E+00 +0.120714289E+02 +0.700138246E+00 +0.162305015E+02 +0.129591591E+01
+0.680000000E+01 +0.501632681E+01 +0.128679950E+00 +0.871891181E+01 +0.257862742E+00 +0.120756483E+02 +0.712367475E+00 +0.162359942E+02 +0.131936884E+01
+0.690000000E+01 +0.501639092E+01 +0.129293271E+00 +0.871940010E+01 +0.262206103E+00 +0.120798017E+02 +0.724594625E+00 +0.162413771E+02 +0.134285701E+01
+0.700000000E+01 +0.501646374E+01 +0.129852502E+00 +0.871987465E+01 +0.266479900E+00 +0.120839157E+02 +0.736823363E+00 +0.162466961E+02 +0.136634922E+01
+0.710000000E+01 +0.501654521E+01 +0.130367087E+00 +0.872035996E+01 +0.270665783E+00 +0.120880206E+02 +0.749059214E+00 +0.162519961E+02 +0.138982113E+01
+0.720000000E+01 +0.501663592E+01 +0.130849050E+00 +0.872088666E+01 +0.274752926E+00 +0.120921453E+02 +0.761308684E+00 +0.162573321E+02 +0.141325946E+01
+0.730000000E+01 +0.501673483E+01 +0.131311616E+00 +0.872147544E+01 +0.278738202E+00 +0.120963154E+02 +0.773577904E+00 +0.162627528E+02 +0.143665963E+01
+0.740000000E+01 +0.501684005E+01 +0.131767911E+00 +0.872214489E+01 +0.282626808E+00 +0.121005534E+02 +0.785871788E+00 +0.162682990E+02 +0.146002702E+01
+0.750000000E+01 +0.501694994E+01 +0.132229923E+00 +0.872290444E+01 +0.286431967E+00 +0.121048689E+02 +0.798193068E+00 +0.162740009E+02 +0.148337635E+01
+0.760000000E+01 +0.501706278E+01 +0.132707696E+00 +0.872375505E+01 +0.290174399E+00 +0.121092662E+02 +0.810543887E+00 +0.162798664E+02 +0.150673194E+01
+0.770000000E+01 +0.501717655E+01 +0.133208803E+00 +0.872468468E+01 +0.293881294E+00 +0.121137375E+02 +0.822925543E+00 +0.162858837E+02 +0.153012805E+01
+0.780000000E+01 +0.501729033E+01 +0.133738240E+00 +0.872567720E+01 +0.297585163E+00 +0.121182630E+02 +0.835341025E+00 +0.162920241E+02 +0.155361008E+01
+0.790000000E+01 +0.501740127E+01 +0.134298437E+00 +0.872670578E+01 +0.301321235E+00 +0.121228179E+02 +0.847797934E+00 +0.162982440E+02 +0.157723186E+01
+0.800000000E+01 +0.501750690E+01 +0.134889696E+00 +0.872774136E+01 +0.305125100E+00 +0.121273660E+02 +0.860308442E+00 +0.163044903E+02 +0.160105305E+01
+0.810000000E+01 +0.501760538E+01 +0.135510692E+00 +0.872875404E+01 +0.309029099E+00 +0.121318712E+02 +0.872891876E+00 +0.163107027E+02 +0.162513155E+01
+0.820000000E+01 +0.501769471E+01 +0.136158903E+00 +0.872971441E+01 +0.313059173E+00 +0.121362989E+02 +0.885572728E+00 +0.163168247E+02 +0.164951644E+01
+0.830000000E+01 +0.501777454E+01 +0.136831240E+00 +0.873060094E+01 +0.317231992E+00 +0.121406188E+02 +0.898378490E+00 +0.163228130E+02 +0.167424163E+01
+0.840000000E+01 +0.501784482E+01 +0.137524363E+00 +0.873139942E+01 +0.321553210E+00 +0.121448096E+02 +0.911336535E+00 +0.163286335E+02 +0.169931847E+01
+0.850000000E+01 +0.501790935E+01 +0.138235136E+00 +0.873210359E+01 +0.326016485E+00 +0.121488659E+02 +0.924470707E+00 +0.163342767E+02 +0.172473551E+01
+0.860000000E+01 +0.501797115E+01 +0.138960636E+00 +0.873271873E+01 +0.330604616E+00 +0.121527918E+02 +0.937796932E+00 +0.163397491E+02 +0.175045836E+01
+0.870000000E+01 +0.501803534E+01 +0.139698269E+00 +0.873326109E+01 +0.335291314E+00 +0.121566087E+02 +0.951322584E+00 +0.163450681E+02 +0.177643530E+01
+0.880000000E+01 +0.501810743E+01 +0.140445639E+00 +0.873375213E+01 +0.340043817E+00 +0.121603451E+02 +0.965044172E+00 +0.163502728E+02 +0.180260622E+01
+0.890000000E+01 +0.501819086E+01 +0.141200214E+00 +0.873422076E+01 +0.344826053E+00 +0.121640379E+02 +0.978949000E+00 +0.163554033E+02 +0.182890924E+01
+0.900000000E+01 +0.501828960E+01 +0.141959187E+00 +0.873469982E+01 +0.349602228E+00 +0.121677283E+02 +0.993016733E+00 +0.163605064E+02 +0.185529021E+01
+0.910000000E+01 +0.501840549E+01 +0.142719183E+00 +0.873521888E+01 +0.354339297E+00 +0.121714559E+02 +0.100722136E+01 +0.163656177E+02 +0.188170657E+01
+0.920000000E+01 +0.501853792E+01 +0.143476170E+00 +0.873580768E+01 +0.359010234E+00 +0.121752568E+02 +0.102153468E+01 +0.163707693E+02 +0.190813265E+01
+0.930000000E+01 +0.501868671E+01 +0.144225667E+00 +0.873648421E+01 +0.363595619E+00 +0.121791590E+02 +0.103592792E+01 +0.163759811E+02 +0.193456009E+01
+0.940000000E+01 +0.501884854E+01 +0.144962972E+00 +0.873726284E+01 +0.368085848E+00 +0.121831803E+02 +0.105037412E+01 +0.163812629E+02 +0.196099762E+01
+0.950000000E+01 +0.501902045E+01 +0.145683791E+00 +0.873814526E+01 +0.372481444E+00 +0.121873278E+02 +0.106484988E+01 +0.163866148E+02 +0.198746923E+01
+0.960000000E+01 +0.501919768E+01 +0.146384739E+00 +0.873912371E+01 +0.376793007E+00 +0.121915980E+02 +0.107933651E+01 +0.163920319E+02 +0.201401023E+01
+0.970000000E+01 +0.501937510E+01 +0.147063909E+00 +0.874018303E+01 +0.381040170E+00 +0.121959786E+02 +0.109382131E+01 +0.163975085E+02 +0.204066398E+01
+0.980000000E+01 +0.501954834E+01 +0.147721279E+00 +0.874130384E+01 +0.385249234E+00 +0.122004552E+02 +0.110829872E+01 +0.164030425E+02 +0.206747705E+01
+0.990000000E+01 +0.501971299E+01 +0.148358759E+00 +0.874246256E+01 +0.389450146E+00 +0.122050076E+02 +0.112276968E+01 +0.164086346E+02 +0.209449332E+01
+0.100000000E+02 +0.501986463E+01 +0.148980039E+00 +0.874363844E+01 +0.393673065E+00 +0.122096177E+02 +0.113724231E+01 +0.164142939E+02 +0.212174893E+01
+0.101000000E+02 +0.502000229E+01 +0.149590346E+00 +0.874481219E+01 +0.397944966E+00 +0.122142739E+02 +0.115173132E+01 +0.164200387E+02 +0.214926976E+01
+0.102000000E+02 +0.502012569E+01 +0.150195828E+00 +0.874597339E+01 +0.402287469E+00 +0.122189654E+02 +0.116625567E+01 +0.164258964E+02 +0.217706869E+01
+0.103000000E+02 +0.502023684E+01 +0.150803027E+00 +0.874711111E+01 +0.406714654E+00 +0.122236910E+02 +0.118083859E+01 +0.164318929E+02 +0.220514399E+01
+0.104000000E+02 +0.502034094E+01 +0.151418335E+00 +0.874822740E+01 +0.411233419E+00 +0.122284504E+02 +0.119550415E+01 +0.164380615E+02 +0.223348464E+01
+0.105000000E+02 +0.502044238E+01 +0.152047272E+00 +0.874932556E+01 +0.415843267E+00 +0.122332446E+02 +0.121027572E+01 +0.164444282E+02 +0.226207137E+01
+0.106000000E+02 +0.502054681E+01 +0.152694025E+00 +0.875041479E+01 +0.420537639E+00 +0.122380780E+02 +0.122517471E+01 +0.164510141E+02 +0.229088051E+01
+0.107000000E+02 +0.502066075E+01 +0.153360993E+00 +0.875150370E+01 +0.425304844E+00 +0.122429476E+02 +0.124021728E+01 +0.164578287E+02 +0.231988919E+01
+0.108000000E+02 +0.502078875E+01 +0.154048191E+00 +0.875260672E+01 +0.430129549E+00 +0.122478549E+02 +0.125541393E+01 +0.164648599E+02 +0.234907387E+01
+0.109000000E+02 +0.502093324E+01 +0.154753083E+00 +0.875373356E+01 +0.434993280E+00 +0.122527887E+02 +0.127076581E+01 +0.164720828E+02 +0.237841350E+01
+0.110000000E+02 +0.502109536E+01 +0.155470517E+00 +0.875489008E+01 +0.439875192E+00 +0.122577402E+02 +0.128626560E+01 +0.164794529E+02 +0.240788792E+01
+0.111000000E+02 +0.502127453E+01 +0.156192987E+00 +0.875607900E+01 +0.444753612E+00 +0.122626956E+02 +0.130189629E+01 +0.164869121E+02 +0.243747679E+01
+0.112000000E+02 +0.502146839E+01 +0.156911180E+00 +0.875729914E+01 +0.449607335E+00 +0.122676347E+02 +0.131763105E+01 +0.164943867E+02 +0.246715882E+01
+0.113000000E+02 +0.502167301E+01 +0.157614929E+00 +0.875854225E+01 +0.454417103E+00 +0.122725417E+02 +0.133343723E+01 +0.165018009E+02 +0.249691271E+01
+0.114000000E+02 +0.502188228E+01 +0.158294250E+00 +0.875979685E+01 +0.459167671E+00 +0.122773972E+02 +0.134927772E+01 +0.165090826E+02 +0.252671690E+01
+0.115000000E+02 +0.502209042E+01 +0.158940638E+00 +0.876104792E+01 +0.463849236E+00 +0.122821860E+02 +0.136511508E+01 +0.165161638E+02 +0.255655049E+01
+0.116000000E+02 +0.502229030E+01 +0.159548113E+00 +0.876227957E+01 +0.468458453E+00 +0.122868994E+02 +0.138091604E+01 +0.165230058E+02 +0.258639759E+01
+0.117000000E+02 +0.502247676E+01 +0.160114055E+00 +0.876348014E+01 +0.472998646E+00 +0.122915311E+02 +0.139665263E+01 +0.165295802E+02 +0.261624156E+01
+0.118000000E+02 +0.502264375E+01 +0.160639628E+00 +0.876464148E+01 +0.477478910E+00 +0.122960881E+02 +0.141230679E+01 +0.165358927E+02 +0.264606924E+01
+0.119000000E+02 +0.502278868E+01 +0.161129871E+00 +0.876575975E+01 +0.481912017E+00 +0.123005858E+02 +0.142786941E+01 +0.165419751E+02 +0.267586759E+01
+0.120000000E+02 +0.502291196E+01 +0.161593408E+00 +0.876684017E+01 +0.486313220E+00 +0.123050466E+02 +0.144334023E+01 +0.165478796E+02 +0.270562360E+01
+0.121000000E+02 +0.502301457E+01 +0.162041458E+00 +0.876789489E+01 +0.490698080E+00 +0.123095085E+02 +0.145872906E+01 +0.165536843E+02 +0.273532418E+01
+0.122000000E+02 +0.502310158E+01 +0.162487108E+00 +0.876893981E+01 +0.495080640E+00 +0.123140099E+02 +0.147405175E+01 +0.165594792E+02 +0.276495738E+01
+0.123000000E+02 +0.502318137E+01 +0.162944085E+00 +0.876999904E+01 +0.499473369E+00 +0.123185986E+02 +0.148933136E+01 +0.165653627E+02 +0.279451378E+01
+0.124000000E+02 +0.502326123E+01 +0.163425325E+00 +0.877109916E+01 +0.503886246E+00 +0.123233159E+02 +0.150459456E+01 +0.165714359E+02 +0.282399118E+01
+0.125000000E+02 +0.502335011E+01 +0.163942019E+00 +0.877226479E+01 +0.508327057E+00 +0.123282056E+02 +0.151987314E+01 +0.165777908E+02 +0.285339651E+01
+0.126000000E+02 +0.502345638E+01 +0.164502366E+00 +0.877352104E+01 +0.512801888E+00 +0.123332981E+02 +0.153519938E+01 +0.165845012E+02 +0.288274694E+01
+0.127000000E+02 +0.502358735E+01 +0.165110781E+00 +0.877488774E+01 +0.517315070E+00 +0.123386091E+02 +0.155060619E+01 +0.165916192E+02 +0.291207486E+01
+0.128000000E+02 +0.502374748E+01 +0.165767421E+00 +0.877637721E+01 +0.521870156E+00 +0.123441416E+02 +0.156612583E+01 +0.165991586E+02 +0.294142481E+01
+0.129000000E+02 +0.502394030E+01 +0.166468146E+00 +0.877799164E+01 +0.526469723E+00 +0.123498756E+02 +0.158178705E+01 +0.166071014E+02 +0.297085859E+01
+0.130000000E+02 +0.502416678E+01 +0.167204942E+00 +0.877971956E+01 +0.531115465E+00 +0.123557718E+02 +0.159761442E+01 +0.166153833E+02 +0.300044792E+01
+0.131000000E+02 +0.502442392E+01 +0.167966636E+00 +0.878154257E+01 +0.535809315E+00 +0.123617771E+02 +0.161362832E+01 +0.166239103E+02 +0.303027669E+01
+0.132000000E+02 +0.502470652E+01 +0.168740172E+00 +0.878342750E+01 +0.540552397E+00 +0.123678202E+02 +0.162984304E+01 +0.166325519E+02 +0.306042965E+01
+0.133000000E+02 +0.502500680E+01 +0.169511838E+00 +0.878533553E+01 +0.545345379E+00 +0.123738189E+02 +0.164626555E+01 +0.166411650E+02 +0.309098862E+01
+0.134000000E+02 +0.502531519E+01 +0.170268677E+00 +0.878722276E+01 +0.550187905E+00 +0.123796934E+02 +0.166289646E+01 +0.166496016E+02 +0.312201959E+01
+0.135000000E+02 +0.502561902E+01 +0.170999511E+00 +0.878904430E+01 +0.555077849E+00 +0.123853685E+02 +0.167972887E+01 +0.166577242E+02 +0.315356254E+01
+0.136000000E+02 +0.502590867E+01 +0.171696126E+00 +0.879076152E+01 +0.560010931E+00 +0.123907804E+02 +0.169674555E+01 +0.166654254E+02 +0.318562413E+01
+0.137000000E+02 +0.502617286E+01 +0.172353546E+00 +0.879234677E+01 +0.564980200E+00 +0.123958886E+02 +0.171392291E+01 +0.166726390E+02 +0.321817431E+01
+0.138000000E+02 +0.502640578E+01 +0.172970553E+00 +0.879378192E+01 +0.569975484E+00 +0.124006806E+02 +0.173122921E+01 +0.166793408E+02 +0.325114363E+01
+0.139000000E+02 +0.502660339E+01 +0.173549469E+00 +0.879506637E+01 +0.574984550E+00 +0.124051678E+02 +0.174862780E+01 +0.166855629E+02 +0.328443358E+01
+0.140000000E+02 +0.502676475E+01 +0.174095819E+00 +0.879621140E+01 +0.579993341E+00 +0.124093889E+02 +0.176607932E+01 +0.166913781E+02 +0.331792624E+01
+0.141000000E+02 +0.502689506E+01 +0.174617831E+00 +0.879724623E+01 +0.584987977E+00 +0.124134078E+02 +0.178354702E+01 +0.166968978E+02 +0.335149915E+01
+0.142000000E+02 +0.502699945E+01 +0.175125456E+00 +0.879820727E+01 +0.589955459E+00 +0.124173025E+02 +0.180099867E+01 +0.167022569E+02 +0.338503792E+01
+0.143000000E+02 +0.502708701E+01 +0.175629571E+00 +0.879914013E+01 +0.594885173E+00 +0.124211580E+02 +0.181841067E+01 +0.167076018E+02 +0.341845041E+01
+0.144000000E+02 +0.502716638E+01 +0.176140864E+00 +0.880009087E+01 +0.599770101E+00 +0.124250619E+02 +0.183577060E+01 +0.167130663E+02 +0.345167076E+01
+0.145000000E+02 +0.502724675E+01 +0.176668850E+00 +0.880110346E+01 +0.604607099E+00 +0.124290879E+02 +0.185307754E+01 +0.167187656E+02 +0.348466536E+01
+0.146000000E+02 +0.502733760E+01 +0.177221130E+00 +0.880221602E+01 +0.609397947E+00 +0.124332950E+02 +0.187034201E+01 +0.167247777E+02 +0.351743168E+01
+0.147000000E+02 +0.502744573E+01 +0.177802634E+00 +0.880345469E+01 +0.614148784E+00 +0.124377190E+02 +0.188758576E+01 +0.167311333E+02 +0.354999311E+01
+0.148000000E+02 +0.502757904E+01 +0.178415526E+00 +0.880483033E+01 +0.618870261E+00 +0.124423704E+02 +0.190483910E+01 +0.167378187E+02 +0.358240011E+01
+0.149000000E+02 +0.502774058E+01 +0.179059016E+00 +0.880633983E+01 +0.623576692E+00 +0.124472276E+02 +0.192213757E+01 +0.167447652E+02 +0.361471867E+01
+0.150000000E+02 +0.502793384E+01 +0.179730061E+00 +0.880796424E+01 +0.628285249E+00 +0.124522437E+02 +0.193952038E+01 +0.167518685E+02 +0.364703116E+01
+0.151000000E+02 +0.502815683E+01 +0.180423625E+00 +0.880967464E+01 +0.633014855E+00 +0.124573501E+02 +0.195702693E+01 +0.167589857E+02 +0.367942414E+01
+0.152000000E+02 +0.502840705E+01 +0.181133761E+00 +0.881142745E+01 +0.637783309E+00 +0.124624571E+02 +0.197469284E+01 +0.167659564E+02 +0.371198217E+01
+0.153000000E+02 +0.502867853E+01 +0.181854164E+00 +0.881317886E+01 +0.642606381E+00 +0.124674709E+02 +0.199254707E+01 +0.167726126E+02 +0.374477577E+01
+0.154000000E+02 +0.502896216E+01 +0.182578763E+00 +0.881488224E+01 +0.647495322E+00 +0.124722940E+02 +0.201060812E+01 +0.167788006E+02 +0.377785494E+01
+0.155000000E+02 +0.502924959E+01 +0.183302503E+00 +0.881649727E+01 +0.652455526E+00 +0.124768435E+02 +0.202888268E+01 +0.167843878E+02 +0.381123843E+01
+0.156000000E+02 +0.502953147E+01 +0.184021431E+00 +0.881799123E+01 +0.657485735E+00 +0.124810543E+02 +0.204736307E+01 +0.167892809E+02 +0.384491133E+01
+0.157000000E+02 +0.502979989E+01 +0.184733020E+00 +0.881934277E+01 +0.662578090E+00 +0.124848879E+02 +0.206602752E+01 +0.167934348E+02 +0.387882687E+01
+0.158000000E+02 +0.503004912E+01 +0.185436176E+00 +0.882054727E+01 +0.667719169E+00 +0.124883374E+02 +0.208484147E+01 +0.167968582E+02 +0.391291081E+01
+0.159000000E+02 +0.503027693E+01 +0.186131204E+00 +0.882161450E+01 +0.672891171E+00 +0.124914279E+02 +0.210375990E+01 +0.167996132E+02 +0.394707253E+01
+0.160000000E+02 +0.503048249E+01 +0.186819401E+00 +0.882256580E+01 +0.678073188E+00 +0.124942107E+02 +0.212272921E+01 +0.168018134E+02 +0.398121311E+01
+0.161000000E+02 +0.503066784E+01 +0.187502808E+00 +0.882343719E+01 +0.683243506E+00 +0.124967627E+02 +0.214169245E+01 +0.168036175E+02 +0.401523811E+01
+0.162000000E+02 +0.503083678E+01 +0.188183642E+00 +0.882427162E+01 +0.688380126E+00 +0.124991744E+02 +0.216059118E+01 +0.168052067E+02 +0.404906186E+01
+0.163000000E+02 +0.503099564E+01 +0.188863811E+00 +0.882511496E+01 +0.693462493E+00 +0.125015394E+02 +0.217936892E+01 +0.168067729E+02 +0.408261534E+01
+0.164000000E+02 +0.503115065E+01 +0.189544246E+00 +0.882601552E+01 +0.698472846E+00 +0.125039470E+02 +0.219797647E+01 +0.168084951E+02 +0.411584587E+01
+0.165000000E+02 +0.503130797E+01 +0.190224607E+00 +0.882701092E+01 +0.703396520E+00 +0.125064720E+02 +0.221637503E+01 +0.168105148E+02 +0.414872125E+01
+0.166000000E+02 +0.503147536E+01 +0.190903161E+00 +0.882812823E+01 +0.708224022E+00 +0.125091621E+02 +0.223453993E+01 +0.168129233E+02 +0.418123211E+01
+0.167000000E+02 +0.503165879E+01 +0.191576849E+00 +0.882938275E+01 +0.712952529E+00 +0.125120438E+02 +0.225246716E+01 +0.168157529E+02 +0.421339624E+01
+0.168000000E+02 +0.503186339E+01 +0.192241723E+00 +0.883076995E+01 +0.717586256E+00 +0.125151055E+02 +0.227017283E+01 +0.168189661E+02 +0.424525987E+01
+0.169000000E+02 +0.503209239E+01 +0.192893572E+00 +0.883227366E+01 +0.722137857E+00 +0.125183144E+02 +0.228769900E+01 +0.168224734E+02 +0.427690080E+01
+0.170000000E+02 +0.503234643E+01 +0.193528477E+00 +0.883385979E+01 +0.726626737E+00 +0.125216145E+02 +0.230510928E+01 +0.168261356E+02 +0.430842171E+01
+0.171000000E+02 +0.503262316E+01 +0.194143591E+00 +0.883548797E+01 +0.731078851E+00 +0.125249310E+02 +0.232248371E+01 +0.168297964E+02 +0.433994647E+01
+0.172000000E+02 +0.503291704E+01 +0.194737434E+00 +0.883711001E+01 +0.735523037E+00 +0.125281861E+02 +0.233991224E+01 +0.168332927E+02 +0.437160012E+01
+0.173000000E+02 +0.503322156E+01 +0.195310315E+00 +0.883868195E+01 +0.739989004E+00 +0.125313086E+02 +0.235748496E+01 +0.168364847E+02 +0.440349904E+01
+0.174000000E+02 +0.503352755E+01 +0.195864155E+00 +0.884016266E+01 +0.744503490E+00 +0.125342355E+02 +0.237527972E+01 +0.168392681E+02 +0.443572872E+01
+0.175000000E+02 +0.503382646E+01 +0.196402535E+00 +0.884152195E+01 +0.749088009E+00 +0.125369288E+02 +0.239335625E+01 +0.168415817E+02 +0.446833493E+01
+0.176000000E+02 +0.503411021E+01 +0.196930223E+00 +0.884274364E+01 +0.753756904E+00 +0.125393720E+02 +0.241174790E+01 +0.168434149E+02 +0.450131417E+01
+0.177000000E+02 +0.503437381E+01 +0.197452960E+00 +0.884382700E+01 +0.758516681E+00 +0.125415771E+02 +0.243046020E+01 +0.168448065E+02 +0.453462005E+01
+0.178000000E+02 +0.503461261E+01 +0.197976773E+00 +0.884478580E+01 +0.763365073E+00 +0.125435757E+02 +0.244947022E+01 +0.168458270E+02 +0.456816484E+01
+0.179000000E+02 +0.503482584E+01 +0.198507775E+00 +0.884564724E+01 +0.768291971E+00 +0.125454235E+02 +0.246873255E+01 +0.168465698E+02 +0.460183152E+01
+0.180000000E+02 +0.503501471E+01 +0.199051390E+00 +0.884644764E+01 +0.773280089E+00 +0.125471836E+02 +0.248818063E+01 +0.168471451E+02 +0.463549156E+01
+0.181000000E+02 +0.503518280E+01 +0.199612039E+00 +0.884723228E+01 +0.778306673E+00 +0.125489233E+02 +0.250773520E+01 +0.168476566E+02 +0.466901022E+01
+0.182000000E+02 +0.503533404E+01 +0.200192431E+00 +0.884804767E+01 +0.783344935E+00 +0.125507105E+02 +0.252731166E+01 +0.168481955E+02 +0.470226157E+01
+0.183000000E+02 +0.503547531E+01 +0.200793386E+00 +0.884893477E+01 +0.788366202E+00 +0.125525970E+02 +0.254682290E+01 +0.168488299E+02 +0.473513241E+01
+0.184000000E+02 +0.503561430E+01 +0.201413551E+00 +0.884993359E+01 +0.793343744E+00 +0.125546260E+02 +0.256619102E+01 +0.168496112E+02 +0.476754279E+01
+0.185000000E+02 +0.503575944E+01 +0.202049357E+00 +0.885106646E+01 +0.798253904E+00 +0.125568169E+02 +0.258535030E+01 +0.168505561E+02 +0.479943403E+01
+0.186000000E+02 +0.503591954E+01 +0.202695468E+00 +0.885234831E+01 +0.803080380E+00 +0.125591726E+02 +0.260425545E+01 +0.168516594E+02 +0.483078889E+01
+0.187000000E+02 +0.503610245E+01 +0.203345129E+00 +0.885377577E+01 +0.807815265E+00 +0.125616740E+02 +0.262288639E+01 +0.168528939E+02 +0.486163108E+01
+0.188000000E+02 +0.503631503E+01 +0.203991094E+00 +0.885533574E+01 +0.812460779E+00 +0.125642882E+02 +0.264125181E+01 +0.168542050E+02 +0.489201780E+01
+0.189000000E+02 +0.503656172E+01 +0.204626231E+00 +0.885699978E+01 +0.817028076E+00 +0.125669590E+02 +0.265938691E+01 +0.168555294E+02 +0.492204358E+01
+0.190000000E+02 +0.503684387E+01 +0.205244392E+00 +0.885873024E+01 +0.821536371E+00 +0.125696259E+02 +0.267735373E+01 +0.168567898E+02 +0.495182942E+01
+0.191000000E+02 +0.503715805E+01 +0.205840845E+00 +0.886048584E+01 +0.826010778E+00 +0.125722171E+02 +0.269523193E+01 +0.168579018E+02 +0.498151030E+01
+0.192000000E+02 +0.503750005E+01 +0.206413061E+00 +0.886222060E+01 +0.830478793E+00 +0.125746613E+02 +0.271311230E+01 +0.168587904E+02 +0.501122748E+01
+0.193000000E+02 +0.503786038E+01 +0.206960549E+00 +0.886389318E+01 +0.834968624E+00 +0.125768968E+02 +0.273108850E+01 +0.168593944E+02 +0.504111685E+01
+0.194000000E+02 +0.503823087E+01 +0.207485279E+00 +0.886547038E+01 +0.839506702E+00 +0.125788770E+02 +0.274924896E+01 +0.168596749E+02 +0.507129819E+01
+0.195000000E+02 +0.503860088E+01 +0.207991280E+00 +0.886692742E+01 +0.844115417E+00 +0.125805764E+02 +0.276766858E+01 +0.168596298E+02 +0.510187480E+01
+0.196000000E+02 +0.503896053E+01 +0.208484379E+00 +0.886825658E+01 +0.848812981E+00 +0.125819991E+02 +0.278640498E+01 +0.168592992E+02 +0.513292677E+01
+0.197000000E+02 +0.503930341E+01 +0.208971876E+00 +0.886946367E+01 +0.853611187E+00 +0.125831759E+02 +0.280549432E+01 +0.168587590E+02 +0.516450358E+01
+0.198000000E+02 +0.503962184E+01 +0.209461475E+00 +0.887056868E+01 +0.858514618E+00 +0.125841630E+02 +0.282494721E+01 +0.168581281E+02 +0.519662380E+01
+0.199000000E+02 +0.503991367E+01 +0.209960918E+00 +0.887160431E+01 +0.863519880E+00 +0.125850356E+02 +0.284474956E+01 +0.168575386E+02 +0.522926713E+01
+0.200000000E+02 +0.504017573E+01 +0.210476658E+00 +0.887261218E+01 +0.868614694E+00 +0.125858789E+02 +0.286486202E+01 +0.168571349E+02 +0.526237680E+01
+0.201000000E+02 +0.504041050E+01 +0.211013593E+00 +0.887363532E+01 +0.873778432E+00 +0.125867732E+02 +0.288522122E+01 +0.168570402E+02 +0.529585146E+01
+0.202000000E+02 +0.504061886E+01 +0.211573922E+00 +0.887471421E+01 +0.878982848E+00 +0.125877889E+02 +0.290574716E+01 +0.168573445E+02 +0.532956064E+01
+0.203000000E+02 +0.504080619E+01 +0.212157364E+00 +0.887588256E+01 +0.884196418E+00 +0.125889686E+02 +0.292634829E+01 +0.168580920E+02 +0.536334889E+01
+0.204000000E+02 +0.504097910E+01 +0.212760876E+00 +0.887716334E+01 +0.889387042E+00 +0.125903335E+02 +0.294693507E+01 +0.168592716E+02 +0.539705844E+01
+0.205000000E+02 +0.504114500E+01 +0.213379327E+00 +0.887856332E+01 +0.894526972E+00 +0.125918753E+02 +0.296743129E+01 +0.168608196E+02 +0.543054323E+01
+0.206000000E+02 +0.504131170E+01 +0.214005918E+00 +0.888007980E+01 +0.899597585E+00 +0.125935562E+02 +0.298778228E+01 +0.168626242E+02 +0.546368843E+01
+0.207000000E+02 +0.504148770E+01 +0.214633489E+00 +0.888169631E+01 +0.904592306E+00 +0.125953220E+02 +0.300796795E+01 +0.168645523E+02 +0.549643227E+01
+0.208000000E+02 +0.504167946E+01 +0.215255072E+00 +0.888338446E+01 +0.909517330E+00 +0.125971042E+02 +0.302800443E+01 +0.168664397E+02 +0.552875803E+01
+0.209000000E+02 +0.504189208E+01 +0.215864993E+00 +0.888511127E+01 +0.914391961E+00 +0.125988257E+02 +0.304794287E+01 +0.168681296E+02 +0.556070398E+01
+0.210000000E+02 +0.504212753E+01 +0.216459625E+00 +0.888683984E+01 +0.919246463E+00 +0.126004106E+02 +0.306786311E+01 +0.168694733E+02 +0.559234802E+01
+0.211000000E+02 +0.504238696E+01 +0.217037921E+00 +0.888853215E+01 +0.924118084E+00 +0.126017896E+02 +0.308786272E+01 +0.168703456E+02 +0.562379956E+01
+0.212000000E+02 +0.504266777E+01 +0.217601668E+00 +0.889016005E+01 +0.929048114E+00 +0.126029088E+02 +0.310804496E+01 +0.168706554E+02 +0.565517737E+01
+0.213000000E+02 +0.504296574E+01 +0.218155548E+00 +0.889169772E+01 +0.934076509E+00 +0.126037290E+02 +0.312850315E+01 +0.168703554E+02 +0.568660388E+01
+0.214000000E+02 +0.504327575E+01 +0.218706903E+00 +0.889313196E+01 +0.939239417E+00 +0.126042373E+02 +0.314931392E+01 +0.168694539E+02 +0.571819075E+01
+0.215000000E+02 +0.504359155E+01 +0.219265211E+00 +0.889446498E+01 +0.944566012E+00 +0.126044492E+02 +0.317052771E+01 +0.168680097E+02 +0.575003685E+01
+0.216000000E+02 +0.504390729E+01 +0.219841389E+00 +0.889571095E+01 +0.950075193E+00 +0.126044029E+02 +0.319216454E+01 +0.168661388E+02 +0.578221659E+01
+0.217000000E+02 +0.504421854E+01 +0.220446761E+00 +0.889690000E+01 +0.955775015E+00 +0.126041681E+02 +0.321421681E+01 +0.168640062E+02 +0.581478450E+01
+0.218000000E+02 +0.504452222E+01 +0.221091909E+00 +0.889807087E+01 +0.961660103E+00 +0.126038296E+02 +0.323664933E+01 +0.168618044E+02 +0.584776262E+01
+0.219000000E+02 +0.504481526E+01 +0.221785245E+00 +0.889927066E+01 +0.967712429E+00 +0.126034833E+02 +0.325940430E+01 +0.168597425E+02 +0.588114586E+01
+0.220000000E+02 +0.504509870E+01 +0.222532148E+00 +0.890054715E+01 +0.973901677E+00 +0.126032192E+02 +0.328240495E+01 +0.168580183E+02 +0.591489413E+01
+0.221000000E+02 +0.504537298E+01 +0.223333605E+00 +0.890194105E+01 +0.980186938E+00 +0.126031093E+02 +0.330556134E+01 +0.168567884E+02 +0.594893523E+01
+0.222000000E+02 +0.504564148E+01 +0.224186135E+00 +0.890347963E+01 +0.986520380E+00 +0.126032002E+02 +0.332878053E+01 +0.168561521E+02 +0.598317202E+01
+0.223000000E+02 +0.504590694E+01 +0.225081277E+00 +0.890517806E+01 +0.992852119E+00 +0.126034920E+02 +0.335196681E+01 +0.168561358E+02 +0.601749380E+01
+0.224000000E+02 +0.504617396E+01 +0.226006414E+00 +0.890702659E+01 +0.999134299E+00 +0.126039472E+02 +0.337503838E+01 +0.168566838E+02 +0.605178412E+01
+0.225000000E+02 +0.504644629E+01 +0.226945753E+00 +0.890899967E+01 +0.100532715E+01 +0.126044874E+02 +0.339793088E+01 +0.168576708E+02 +0.608594061E+01
+0.226000000E+02 +0.504672652E+01 +0.227881560E+00 +0.891104994E+01 +0.101140126E+01 +0.126049988E+02 +0.342060554E+01 +0.168589122E+02 +0.611988282E+01
+0.227000000E+02 +0.504701676E+01 +0.228796023E+00 +0.891312509E+01 +0.101734348E+01 +0.126053515E+02 +0.344305482E+01 +0.168601888E+02 +0.615356044E+01
+0.228000000E+02 +0.504731747E+01 +0.229672841E+00 +0.891516211E+01 +0.102315446E+01 +0.126054116E+02 +0.346530208E+01 +0.168612779E+02 +0.618695816E+01
+0.229000000E+02 +0.504762746E+01 +0.230498758E+00 +0.891710210E+01 +0.102885050E+01 +0.126050570E+02 +0.348739882E+01 +0.168619735E+02 +0.622009170E+01
+0.230000000E+02 +0.504794532E+01 +0.231264897E+00 +0.891889191E+01 +0.103445923E+01 +0.126041955E+02 +0.350941777E+01 +0.168621206E+02 +0.625300727E+01
+0.231000000E+02 +0.504826711E+01 +0.231967603E+00 +0.892049822E+01 +0.104001938E+01 +0.126027808E+02 +0.353144618E+01 +0.168616290E+02 +0.628576825E+01
+0.232000000E+02 +0.504858978E+01 +0.232608935E+00 +0.892190136E+01 +0.104557346E+01 +0.126008102E+02 +0.355357058E+01 +0.168604826E+02 +0.631844886E+01
+0.233000000E+02 +0.504890937E+01 +0.233196592E+00 +0.892310526E+01 +0.105116574E+01 +0.125983282E+02 +0.357586715E+01 +0.168587402E+02 +0.635112380E+01
+0.234000000E+02 +0.504922279E+01 +0.233743496E+00 +0.892413369E+01 +0.105683648E+01 +0.125954295E+02 +0.359839620E+01 +0.168565400E+02 +0.638386069E+01
+0.235000000E+02 +0.504952762E+01 +0.234266470E+00 +0.892502818E+01 +0.106261773E+01 +0.125922408E+02 +0.362119065E+01 +0.168540712E+02 +0.641670063E+01
+0.236000000E+02 +0.504982108E+01 +0.234784854E+00 +0.892584530E+01 +0.106853003E+01 +0.125889118E+02 +0.364425332E+01 +0.168515600E+02 +0.644965870E+01
+0.237000000E+02 +0.505010326E+01 +0.235318845E+00 +0.892664957E+01 +0.107457891E+01 +0.125855994E+02 +0.366755577E+01 +0.168492365E+02 +0.648270486E+01
+0.238000000E+02 +0.505037303E+01 +0.235887284E+00 +0.892750620E+01 +0.108075374E+01 +0.125824488E+02 +0.369104092E+01 +0.168473201E+02 +0.651577518E+01
+0.239000000E+02 +0.505063266E+01 +0.236506030E+00 +0.892847503E+01 +0.108702886E+01 +0.125795836E+02 +0.371462964E+01 +0.168459772E+02 +0.654875877E+01
+0.240000000E+02 +0.505088345E+01 +0.237186150E+00 +0.892960486E+01 +0.109336583E+01 +0.125770861E+02 +0.373822647E+01 +0.168453036E+02 +0.658152147E+01
+0.241000000E+02 +0.505112954E+01 +0.237932756E+00 +0.893092854E+01 +0.109971828E+01 +0.125749935E+02 +0.376173282E+01 +0.168453112E+02 +0.661391306E+01
+0.242000000E+02 +0.505137482E+01 +0.238744397E+00 +0.893245759E+01 +0.110603679E+01 +0.125732925E+02 +0.378505537E+01 +0.168459177E+02 +0.664578946E+01
+0.243000000E+02 +0.505162450E+01 +0.239612942E+00 +0.893418446E+01 +0.111227544E+01 +0.125719166E+02 +0.380811595E+01 +0.168469521E+02 +0.667702653E+01
+0.244000000E+02 +0.505188368E+01 +0.240524401E+00 +0.893607791E+01 +0.111839616E+01 +0.125707543E+02 +0.383086236E+01 +0.168481702E+02 +0.670753740E+01
+0.245000000E+02 +0.505215754E+01 +0.241460029E+00 +0.893809347E+01 +0.112437489E+01 +0.125696597E+02 +0.385327221E+01 +0.168492801E+02 +0.673728125E+01
+0.246000000E+02 +0.505245000E+01 +0.242398341E+00 +0.894016920E+01 +0.113020213E+01 +0.125684615E+02 +0.387535605E+01 +0.168499676E+02 +0.676625858E+01
+0.247000000E+02 +0.505276350E+01 +0.243317105E+00 +0.894223496E+01 +0.113588496E+01 +0.125669777E+02 +0.389715481E+01 +0.168499306E+02 +0.679451772E+01
+0.248000000E+02 +0.505309801E+01 +0.244195591E+00 +0.894422238E+01 +0.114144675E+01 +0.125650396E+02 +0.391873836E+01 +0.168489159E+02 +0.682214498E+01
+0.249000000E+02 +0.505345224E+01 +0.245016914E+00 +0.894606805E+01 +0.114692413E+01 +0.125624974E+02 +0.394019222E+01 +0.168467410E+02 +0.684925761E+01
+0.250000000E+02 +0.505382229E+01 +0.245769501E+00 +0.894771851E+01 +0.115236254E+01 +0.125592473E+02 +0.396161381E+01 +0.168433220E+02 +0.687600456E+01
+0.251000000E+02 +0.505420347E+01 +0.246448578E+00 +0.894914083E+01 +0.115781359E+01 +0.125552314E+02 +0.398309460E+01 +0.168386777E+02 +0.690254312E+01
+0.252000000E+02 +0.505458981E+01 +0.247056436E+00 +0.895032575E+01 +0.116332845E+01 +0.125504545E+02 +0.400471699E+01 +0.168329440E+02 +0.692904912E+01
+0.253000000E+02 +0.505497528E+01 +0.247602227E+00 +0.895128648E+01 +0.116895272E+01 +0.125449814E+02 +0.402653888E+01 +0.168263483E+02 +0.695568832E+01
+0.254000000E+02 +0.505535486E+01 +0.248100845E+00 +0.895206021E+01 +0.117472140E+01 +0.125389312E+02 +0.404859171E+01 +0.168192028E+02 +0.698261161E+01
+0.255000000E+02 +0.505572355E+01 +0.248571251E+00 +0.895270074E+01 +0.118065378E+01 +0.125324626E+02 +0.407087135E+01 +0.168118699E+02 +0.700993027E+01
+0.256000000E+02 +0.505607944E+01 +0.249034454E+00 +0.895327610E+01 +0.118675099E+01 +0.125257645E+02 +0.409334046E+01 +0.168047273E+02 +0.703769900E+01
+0.257000000E+02 +0.505642168E+01 +0.249511023E+00 +0.895385990E+01 +0.119299470E+01 +0.125190249E+02 +0.411592780E+01 +0.167981337E+02 +0.706590528E+01
+0.258000000E+02 +0.505674964E+01 +0.250018826E+00 +0.895451790E+01 +0.119934695E+01 +0.125124159E+02 +0.413853343E+01 +0.167923835E+02 +0.709445390E+01
+0.259000000E+02 +0.505706574E+01 +0.250571327E+00 +0.895530445E+01 +0.120575413E+01 +0.125060714E+02 +0.416103536E+01 +0.167876885E+02 +0.712318144E+01
+0.260000000E+02 +0.505737317E+01 +0.251176047E+00 +0.895625490E+01 +0.121215221E+01 +0.125000756E+02 +0.418330380E+01 +0.167841488E+02 +0.715186525E+01
+0.261000000E+02 +0.505767564E+01 +0.251833922E+00 +0.895738088E+01 +0.121847336E+01 +0.124944510E+02 +0.420520870E+01 +0.167817399E+02 +0.718024783E+01
+0.262000000E+02 +0.505797677E+01 +0.252539033E+00 +0.895866885E+01 +0.122465323E+01 +0.124891592E+02 +0.422663601E+01 +0.167803183E+02 +0.720806951E+01
+0.263000000E+02 +0.505828065E+01 +0.253279711E+00 +0.896008135E+01 +0.123063833E+01 +0.124841066E+02 +0.424750368E+01 +0.167796317E+02 +0.723509963E+01
+0.264000000E+02 +0.505858984E+01 +0.254039510E+00 +0.896156310E+01 +0.123639322E+01 +0.124791602E+02 +0.426776637E+01 +0.167793386E+02 +0.726115482E+01
+0.265000000E+02 +0.505890615E+01 +0.254799327E+00 +0.896304669E+01 +0.124190339E+01 +0.124741537E+02 +0.428742129E+01 +0.167790533E+02 +0.728612555E+01
+0.266000000E+02 +0.505923020E+01 +0.255539632E+00 +0.896445905E+01 +0.124717805E+01 +0.124689189E+02 +0.430651216E+01 +0.167783743E+02 +0.730997634E+01
+0.267000000E+02 +0.505956132E+01 +0.256242663E+00 +0.896573353E+01 +0.125225018E+01 +0.124633037E+02 +0.432512450E+01 +0.167769428E+02 +0.733275318E+01
+0.268000000E+02 +0.505989663E+01 +0.256894722E+00 +0.896681305E+01 +0.125717262E+01 +0.124571873E+02 +0.434337551E+01 +0.167744762E+02 +0.735457301E+01
+0.269000000E+02 +0.506023196E+01 +0.257488018E+00 +0.896766259E+01 +0.126201340E+01 +0.124504965E+02 +0.436139879E+01 +0.167708068E+02 +0.737560757E+01
+0.270000000E+02 +0.506056462E+01 +0.258021866E+00 +0.896827063E+01 +0.126684924E+01 +0.124432210E+02 +0.437933671E+01 +0.167659043E+02 +0.739607432E+01
+0.271000000E+02 +0.506089020E+01 +0.258502879E+00 +0.896865385E+01 +0.127175824E+01 +0.124354123E+02 +0.439731992E+01 +0.167598777E+02 +0.741621070E+01
+0.272000000E+02 +0.506120718E+01 +0.258944683E+00 +0.896885373E+01 +0.127681085E+01 +0.124271792E+02 +0.441545941E+01 +0.167529720E+02 +0.743625627E+01
+0.273000000E+02 +0.506151451E+01 +0.259366116E+00 +0.896893349E+01 +0.128206260E+01 +0.124186774E+02 +0.443383373E+01 +0.167455299E+02 +0.745642555E+01
+0.274000000E+02 +0.506181326E+01 +0.259789515E+00 +0.896897451E+01 +0.128754932E+01 +0.124100940E+02 +0.445248737E+01 +0.167379602E+02 +0.747688733E+01
+0.275000000E+02 +0.506210601E+01 +0.260237631E+00 +0.896906324E+01 +0.129328212E+01 +0.124016237E+02 +0.447142261E+01 +0.167306820E+02 +0.749774930E+01
+0.276000000E+02 +0.506239657E+01 +0.260731427E+00 +0.896928288E+01 +0.129924662E+01 +0.123934449E+02 +0.449060506E+01 +0.167240808E+02 +0.751903952E+01
+0.277000000E+02 +0.506268866E+01 +0.261287218E+00 +0.896970594E+01 +0.130540454E+01 +0.123857033E+02 +0.450996791E+01 +0.167184582E+02 +0.754071215E+01
+0.278000000E+02 +0.506298662E+01 +0.261914940E+00 +0.897038661E+01 +0.131169976E+01 +0.123784931E+02 +0.452942231E+01 +0.167140029E+02 +0.756265636E+01
+0.279000000E+02 +0.506329453E+01 +0.262617093E+00 +0.897134840E+01 +0.131806193E+01 +0.123718437E+02 +0.454886393E+01 +0.167107659E+02 +0.758470648E+01
+0.280000000E+02 +0.506361482E+01 +0.263388212E+00 +0.897258809E+01 +0.132441643E+01 +0.123657197E+02 +0.456819061E+01 +0.167086619E+02 +0.760667878E+01
+0.281000000E+02 +0.506395087E+01 +0.264215754E+00 +0.897407138E+01 +0.133069111E+01 +0.123600249E+02 +0.458730638E+01 +0.167074749E+02 +0.762838597E+01
+0.282000000E+02 +0.506430305E+01 +0.265081074E+00 +0.897573556E+01 +0.133682365E+01 +0.123546093E+02 +0.460613625E+01 +0.167068941E+02 +0.764966654E+01
+0.283000000E+02 +0.506467130E+01 +0.265961716E+00 +0.897749793E+01 +0.134276733E+01 +0.123492848E+02 +0.462462712E+01 +0.167065443E+02 +0.767039075E+01
+0.284000000E+02 +0.506505521E+01 +0.266833716E+00 +0.897926107E+01 +0.134849540E+01 +0.123438470E+02 +0.464275542E+01 +0.167060342E+02 +0.769047747E+01
+0.285000000E+02 +0.506545229E+01 +0.267674111E+00 +0.898092427E+01 +0.135400236E+01 +0.123380908E+02 +0.466052061E+01 +0.167049931E+02 +0.770988855E+01
+0.286000000E+02 +0.506585877E+01 +0.268463376E+00 +0.898239395E+01 +0.135930384E+01 +0.123318370E+02 +0.467794835E+01 +0.167031213E+02 +0.772863055E+01
+0.287000000E+02 +0.506626815E+01 +0.269187529E+00 +0.898359250E+01 +0.136443417E+01 +0.123249436E+02 +0.469507582E+01 +0.167002204E+02 +0.774675046E+01
+0.288000000E+02 +0.506667511E+01 +0.269839929E+00 +0.898446897E+01 +0.136944278E+01 +0.123173295E+02 +0.471195148E+01 +0.166962070E+02 +0.776433140E+01
+0.289000000E+02 +0.506707290E+01 +0.270421912E+00 +0.898500245E+01 +0.137438717E+01 +0.123089753E+02 +0.472862316E+01 +0.166911383E+02 +0.778148817E+01
+0.290000000E+02 +0.506745404E+01 +0.270942552E+00 +0.898520779E+01 +0.137932764E+01 +0.122999401E+02 +0.474513520E+01 +0.166852001E+02 +0.779836644E+01
+0.291000000E+02 +0.506781434E+01 +0.271417930E+00 +0.898513055E+01 +0.138431889E+01 +0.122903445E+02 +0.476151806E+01 +0.166786864E+02 +0.781513307E+01
+0.292000000E+02 +0.506814985E+01 +0.271869016E+00 +0.898484613E+01 +0.138940398E+01 +0.122803722E+02 +0.477779109E+01 +0.166719751E+02 +0.783195719E+01
+0.293000000E+02 +0.506846060E+01 +0.272319262E+00 +0.898445027E+01 +0.139460923E+01 +0.122702438E+02 +0.479395306E+01 +0.166654839E+02 +0.784899667E+01
+0.294000000E+02 +0.506874914E+01 +0.272791713E+00 +0.898404798E+01 +0.139994000E+01 +0.122602002E+02 +0.480999158E+01 +0.166596263E+02 +0.786637262E+01
+0.295000000E+02 +0.506902071E+01 +0.273306286E+00 +0.898374718E+01 +0.140538253E+01 +0.122504725E+02 +0.482588116E+01 +0.166547614E+02 +0.788415507E+01
+0.296000000E+02 +0.506928213E+01 +0.273877037E+00 +0.898364163E+01 +0.141090321E+01 +0.122412621E+02 +0.484158944E+01 +0.166511551E+02 +0.790234994E+01
+0.297000000E+02 +0.506954243E+01 +0.274510897E+00 +0.898380794E+01 +0.141645679E+01 +0.122327142E+02 +0.485708581E+01 +0.166489552E+02 +0.792089985E+01
+0.298000000E+02 +0.506980945E+01 +0.275206329E+00 +0.898429034E+01 +0.142198934E+01 +0.122249066E+02 +0.487234696E+01 +0.166481581E+02 +0.793969308E+01
+0.299000000E+02 +0.507009222E+01 +0.275954113E+00 +0.898510486E+01 +0.142744909E+01 +0.122178399E+02 +0.488736400E+01 +0.166486178E+02 +0.795858471E+01
+0.300000000E+02 +0.507039583E+01 +0.276737858E+00 +0.898622912E+01 +0.143279063E+01 +0.122114382E+02 +0.490215159E+01 +0.166500525E+02 +0.797742232E+01
